NAME = AISearchfile100,
SIZE = 100,
21, 33, 100, 97, 51, 91, 39, 1, 52, 42, 26, 98, 64, 53, 86, 3, 7, 33, 47, 23, 56, 51, 65, 44, 96, 31, 91, 22, 22, 35, 14, 66, 22, 25, 9, 20, 100, 80, 25, 32, 58, 62, 30, 87, 89, 13, 78, 40, 42, 8, 45, 64, 22, 93, 13, 90, 46, 8, 55, 49, 67, 8, 84, 37, 85, 90, 96, 82, 8, 50, 67, 18, 21, 3, 86, 86, 5, 65, 40, 68, 90, 60, 68, 41, 60, 46, 61, 91, 97, 49, 52, 3, 4, 74, 9, 95, 78, 40, 80,
98, 70, 49, 47, 68, 4, 36, 49, 96, 12, 29, 1, 73, 12, 68, 85, 57, 70, 27, 2, 5, 99, 21, 44, 7, 51, 76, 92, 53, 6, 41, 29, 42, 21, 75, 54, 18, 13, 20, 13, 58, 59, 71, 16, 52, 38, 46, 35, 2, 17, 29, 64, 100, 35, 42, 66, 1, 1, 32, 39, 4, 38, 32, 83, 33, 35, 63, 27, 50, 83, 80, 56, 49, 69, 42, 85, 65, 80, 75, 97, 5, 97, 76, 36, 50, 99, 81, 49, 42, 2, 63, 58, 4, 86, 74, 78, 35, 91,
41, 33, 77, 86, 81, 78, 14, 98, 9, 72, 8, 40, 72, 6, 70, 15, 52, 49, 100, 2, 93, 90, 19, 31, 26, 92, 83, 30, 6, 38, 32, 53, 48, 84, 3, 21, 30, 100, 31, 94, 12, 5, 86, 18, 38, 34, 28, 1, 13, 92, 11, 41, 79, 3, 13, 5, 43, 38, 64, 26, 4, 55, 71, 88, 24, 23, 40, 81, 85, 5, 74, 11, 71, 17, 26, 96, 19, 79, 48, 27, 7, 61, 52, 21, 96, 70, 56, 66, 17, 73, 72, 84, 58, 48, 100, 96, 39,
49, 6, 77, 8, 98, 64, 30, 85, 91, 35, 88, 51, 85, 78, 72, 31, 39, 68, 8, 27, 32, 43, 72, 66, 44, 60, 14, 95, 15, 85, 47, 84, 21, 41, 52, 60, 33, 39, 61, 81, 87, 13, 78, 66, 76, 77, 95, 69, 94, 39, 47, 53, 76, 56, 43, 71, 100, 37, 62, 87, 44, 90, 20, 70, 59, 78, 14, 24, 13, 42, 26, 12, 91, 60, 30, 59, 9, 19, 38, 94, 73, 57, 15, 51, 15, 11, 18, 19, 41, 30, 61, 14, 12, 69, 41, 11,
58, 86, 75, 7, 94, 16, 58, 38, 63, 8, 84, 39, 56, 94, 31, 3, 82, 75, 8, 6, 81, 68, 30, 71, 100, 18, 73, 29, 65, 26, 96, 77, 28, 12, 95, 92, 5, 29, 81, 75, 90, 65, 1, 92, 82, 75, 53, 13, 39, 9, 16, 56, 9, 80, 33, 94, 50, 28, 14, 10, 78, 33, 56, 76, 56, 25, 89, 74, 5, 33, 2, 49, 4, 90, 85, 88, 77, 59, 98, 4, 34, 19, 81, 3, 84, 70, 100, 4, 71, 72, 37, 28, 94, 42, 72,
27, 71, 18, 92, 63, 67, 16, 38, 60, 11, 90, 19, 48, 70, 58, 33, 51, 26, 5, 25, 97, 95, 21, 54, 24, 47, 72, 85, 8, 1, 39, 65, 35, 84, 72, 14, 10, 50, 15, 66, 63, 82, 62, 50, 88, 47, 100, 88, 96, 85, 20, 49, 65, 4, 72, 58, 62, 99, 13, 26, 53, 59, 95, 41, 90, 25, 26, 84, 89, 16, 6, 92, 3, 78, 100, 88, 4, 46, 51, 32, 4, 55, 87, 33, 36, 81, 17, 12, 33, 43, 87, 83, 22, 33,
19, 60, 99, 22, 88, 82, 8, 38, 4, 97, 54, 6, 98, 91, 18, 79, 7, 80, 57, 61, 97, 61, 54, 51, 47, 19, 54, 50, 37, 75, 97, 8, 1, 50, 72, 12, 80, 32, 27, 94, 83, 84, 40, 45, 14, 78, 14, 100, 92, 14, 40, 65, 58, 73, 85, 26, 13, 40, 80, 59, 87, 97, 34, 22, 92, 99, 41, 17, 28, 38, 20, 85, 36, 45, 18, 7, 39, 21, 57, 75, 61, 48, 43, 56, 29, 37, 31, 85, 72, 100, 39, 65, 25,
93, 13, 35, 23, 92, 84, 63, 60, 11, 99, 88, 50, 74, 7, 83, 14, 29, 84, 65, 27, 43, 57, 86, 24, 65, 3, 97, 17, 5, 95, 22, 60, 70, 44, 27, 2, 55, 84, 67, 3, 17, 68, 22, 47, 13, 50, 38, 29, 69, 41, 21, 74, 69, 10, 88, 93, 75, 93, 42, 19, 48, 16, 94, 56, 15, 70, 77, 26, 100, 73, 89, 16, 11, 10, 43, 11, 85, 97, 42, 65, 7, 3, 65, 38, 13, 45, 4, 48, 85, 34, 23, 42,
54, 17, 67, 82, 87, 55, 31, 79, 23, 38, 84, 43, 56, 42, 34, 5, 12, 11, 33, 54, 56, 81, 61, 18, 72, 80, 52, 24, 13, 26, 34, 65, 51, 66, 12, 35, 21, 74, 53, 38, 61, 5, 60, 62, 61, 97, 80, 77, 57, 12, 39, 68, 29, 49, 65, 79, 59, 93, 20, 75, 34, 61, 51, 47, 32, 50, 3, 35, 11, 76, 31, 28, 8, 46, 70, 71, 7, 15, 50, 76, 100, 46, 2, 67, 32, 13, 68, 68, 57, 84, 82,
41, 79, 87, 69, 78, 34, 32, 26, 42, 12, 85, 71, 91, 46, 46, 5, 86, 77, 60, 69, 3, 64, 57, 69, 85, 5, 51, 88, 68, 74, 80, 33, 97, 98, 36, 7, 9, 82, 78, 94, 50, 36, 12, 32, 93, 36, 79, 82, 98, 89, 85, 52, 90, 29, 6, 61, 24, 68, 87, 32, 100, 20, 19, 46, 98, 76, 28, 25, 77, 12, 69, 19, 95, 83, 12, 86, 62, 50, 62, 24, 65, 50, 48, 99, 20, 45, 8, 41, 88, 95,
63, 37, 91, 85, 83, 69, 35, 1, 33, 70, 2, 63, 87, 6, 55, 41, 20, 19, 10, 34, 90, 84, 63, 21, 36, 100, 30, 86, 69, 62, 75, 8, 36, 87, 23, 25, 35, 44, 75, 84, 92, 36, 2, 100, 97, 35, 82, 96, 18, 44, 41, 55, 86, 97, 58, 14, 96, 96, 43, 6, 76, 41, 83, 46, 95, 95, 33, 96, 74, 12, 94, 47, 79, 35, 9, 71, 99, 30, 1, 95, 41, 53, 95, 94, 90, 77, 40, 42, 71,
89, 56, 19, 90, 64, 65, 71, 42, 83, 42, 73, 16, 92, 17, 36, 23, 84, 45, 31, 75, 66, 63, 66, 77, 56, 3, 95, 14, 22, 49, 68, 93, 91, 59, 21, 29, 35, 99, 74, 13, 10, 9, 50, 34, 23, 97, 56, 33, 60, 87, 34, 51, 61, 53, 4, 18, 59, 82, 37, 8, 40, 11, 83, 58, 14, 60, 31, 79, 40, 36, 33, 50, 85, 95, 25, 63, 98, 76, 78, 29, 58, 76, 83, 47, 12, 37, 57, 43,
22, 10, 51, 44, 2, 22, 89, 41, 93, 83, 10, 71, 8, 40, 74, 41, 30, 73, 54, 58, 84, 59, 42, 23, 20, 51, 83, 72, 36, 92, 85, 7, 22, 49, 87, 87, 32, 39, 78, 85, 39, 11, 59, 86, 33, 7, 78, 61, 68, 61, 76, 16, 10, 56, 46, 77, 100, 1, 31, 80, 60, 80, 50, 61, 39, 28, 61, 51, 90, 28, 13, 80, 59, 78, 30, 79, 87, 95, 3, 96, 24, 10, 84, 3, 70, 19, 30,
38, 44, 51, 60, 86, 15, 65, 88, 30, 21, 64, 31, 21, 31, 60, 78, 22, 66, 18, 17, 93, 44, 68, 20, 4, 77, 93, 89, 78, 8, 68, 49, 32, 60, 13, 30, 32, 69, 72, 27, 79, 56, 86, 100, 36, 72, 58, 54, 88, 4, 21, 59, 46, 87, 40, 68, 18, 58, 82, 97, 12, 59, 5, 73, 38, 30, 54, 93, 59, 91, 48, 70, 68, 47, 91, 76, 35, 52, 100, 56, 100, 25, 7, 76, 69, 13,
62, 60, 4, 30, 18, 69, 67, 32, 26, 73, 81, 100, 3, 55, 99, 17, 73, 24, 50, 30, 49, 32, 52, 79, 33, 58, 26, 40, 84, 28, 62, 22, 82, 35, 30, 38, 36, 5, 29, 70, 85, 30, 7, 78, 67, 76, 77, 69, 93, 21, 63, 19, 99, 91, 62, 75, 19, 100, 99, 32, 82, 3, 44, 97, 53, 1, 69, 86, 91, 56, 21, 5, 97, 96, 15, 6, 27, 3, 94, 72, 74, 33, 24, 58, 5,
74, 98, 82, 25, 13, 10, 60, 46, 57, 71, 85, 43, 80, 17, 37, 6, 67, 88, 71, 5, 53, 76, 79, 86, 23, 75, 27, 72, 88, 94, 14, 88, 27, 50, 31, 56, 90, 48, 66, 8, 49, 91, 43, 46, 17, 19, 4, 1, 36, 76, 40, 26, 32, 56, 55, 71, 39, 49, 31, 74, 90, 87, 38, 57, 55, 23, 85, 12, 87, 72, 66, 43, 41, 51, 9, 31, 64, 21, 57, 3, 63, 25, 94, 97,
94, 63, 9, 84, 88, 27, 45, 62, 84, 71, 57, 83, 85, 93, 47, 92, 89, 55, 79, 64, 41, 41, 58, 15, 4, 64, 80, 44, 67, 91, 75, 5, 46, 33, 65, 49, 81, 3, 95, 8, 21, 47, 99, 51, 89, 15, 87, 48, 92, 69, 55, 52, 36, 1, 85, 68, 82, 99, 89, 60, 5, 45, 6, 64, 35, 54, 45, 49, 21, 42, 25, 87, 76, 55, 90, 11, 54, 2, 90, 21, 92, 71, 75,
44, 68, 63, 57, 41, 9, 31, 42, 53, 64, 24, 59, 52, 53, 86, 70, 32, 98, 32, 13, 64, 65, 14, 7, 37, 32, 59, 4, 61, 87, 87, 17, 78, 77, 84, 99, 5, 26, 10, 43, 57, 8, 87, 74, 16, 55, 63, 91, 30, 95, 16, 73, 27, 44, 83, 33, 53, 73, 71, 46, 52, 43, 78, 84, 97, 83, 31, 46, 45, 75, 84, 28, 74, 85, 19, 37, 24, 15, 35, 25, 26, 21,
79, 12, 8, 27, 86, 64, 81, 97, 76, 29, 74, 38, 79, 85, 6, 54, 20, 14, 46, 28, 38, 96, 13, 15, 86, 17, 69, 62, 32, 13, 70, 90, 30, 32, 63, 9, 34, 11, 53, 18, 66, 91, 94, 72, 68, 15, 10, 83, 20, 71, 70, 69, 66, 23, 12, 15, 88, 45, 100, 24, 54, 58, 37, 66, 53, 66, 32, 10, 62, 50, 94, 5, 49, 98, 71, 17, 45, 68, 46, 13, 83,
32, 50, 35, 83, 59, 32, 55, 53, 58, 84, 68, 29, 65, 85, 33, 4, 47, 53, 19, 65, 99, 39, 82, 4, 2, 25, 31, 80, 58, 95, 25, 28, 60, 58, 42, 48, 100, 45, 19, 94, 96, 7, 47, 44, 38, 61, 17, 85, 76, 21, 91, 8, 71, 40, 90, 89, 78, 1, 37, 26, 17, 45, 11, 82, 75, 82, 34, 28, 27, 71, 41, 91, 19, 12, 61, 14, 29, 94, 13, 10,
37, 72, 36, 72, 92, 72, 18, 23, 85, 50, 21, 74, 30, 68, 17, 68, 31, 69, 93, 16, 84, 6, 26, 94, 90, 43, 53, 48, 38, 6, 96, 36, 58, 18, 84, 81, 88, 12, 51, 89, 99, 33, 95, 93, 45, 21, 49, 39, 65, 23, 68, 100, 22, 38, 27, 44, 53, 20, 65, 44, 51, 25, 93, 18, 72, 17, 29, 46, 86, 33, 4, 52, 15, 63, 84, 80, 14, 11, 26,
4, 57, 19, 17, 82, 57, 98, 100, 10, 79, 87, 2, 53, 10, 39, 51, 66, 22, 43, 30, 23, 61, 78, 87, 44, 90, 22, 72, 40, 98, 64, 28, 93, 22, 65, 20, 76, 54, 84, 59, 3, 17, 41, 76, 79, 45, 62, 35, 30, 61, 57, 58, 73, 34, 66, 98, 77, 46, 22, 52, 39, 79, 96, 46, 92, 49, 55, 97, 65, 82, 3, 22, 38, 51, 81, 40, 95, 67,
47, 93, 72, 40, 55, 27, 98, 11, 40, 78, 16, 12, 82, 82, 93, 70, 51, 26, 29, 27, 23, 19, 59, 43, 64, 6, 93, 38, 27, 1, 67, 68, 2, 98, 35, 52, 31, 94, 50, 95, 90, 96, 42, 29, 100, 35, 64, 100, 74, 11, 10, 41, 19, 100, 3, 100, 18, 18, 45, 57, 69, 4, 85, 18, 82, 32, 22, 80, 97, 38, 58, 27, 93, 69, 83, 23, 14,
98, 21, 91, 71, 12, 40, 76, 34, 20, 5, 28, 7, 71, 84, 79, 33, 96, 74, 6, 61, 100, 68, 91, 83, 46, 40, 16, 38, 93, 53, 59, 44, 63, 43, 4, 28, 85, 69, 86, 6, 81, 30, 37, 46, 72, 48, 71, 79, 42, 97, 98, 57, 65, 6, 53, 4, 20, 26, 49, 34, 93, 20, 45, 5, 34, 1, 95, 30, 88, 16, 21, 35, 53, 58, 80, 46,
84, 12, 87, 47, 44, 7, 89, 70, 100, 91, 88, 22, 37, 87, 47, 96, 40, 93, 85, 5, 25, 93, 37, 32, 54, 85, 72, 58, 39, 70, 40, 56, 61, 55, 39, 25, 11, 64, 19, 94, 45, 55, 98, 80, 58, 92, 20, 43, 38, 29, 58, 37, 77, 70, 25, 8, 41, 4, 98, 21, 74, 5, 65, 8, 24, 31, 15, 76, 36, 62, 16, 7, 19, 64, 58,
89, 64, 26, 92, 64, 80, 45, 92, 6, 53, 94, 71, 31, 46, 76, 41, 28, 68, 35, 16, 79, 83, 95, 11, 45, 10, 83, 19, 7, 46, 35, 94, 59, 1, 82, 34, 39, 16, 27, 15, 11, 89, 21, 3, 21, 83, 95, 77, 3, 38, 78, 7, 40, 11, 45, 2, 36, 38, 79, 68, 16, 45, 89, 65, 47, 57, 44, 48, 31, 29, 52, 86, 86, 84,
57, 15, 89, 27, 32, 38, 11, 12, 15, 35, 98, 85, 81, 74, 82, 55, 97, 22, 5, 74, 13, 32, 64, 79, 47, 74, 73, 35, 44, 43, 80, 39, 51, 37, 5, 58, 71, 16, 59, 6, 17, 77, 61, 50, 57, 48, 91, 44, 8, 83, 65, 10, 71, 38, 99, 100, 21, 31, 78, 73, 74, 38, 51, 78, 60, 61, 57, 92, 94, 82, 15, 76, 90,
60, 22, 66, 95, 90, 66, 21, 99, 16, 64, 73, 88, 52, 14, 21, 77, 6, 93, 20, 45, 100, 54, 46, 15, 31, 72, 58, 92, 2, 52, 45, 41, 87, 10, 17, 61, 85, 27, 77, 97, 69, 28, 52, 90, 49, 29, 4, 68, 24, 80, 27, 13, 17, 25, 62, 2, 78, 41, 94, 74, 78, 75, 37, 54, 77, 45, 21, 11, 83, 26, 60, 46,
91, 25, 2, 35, 65, 35, 43, 10, 39, 5, 84, 63, 48, 49, 92, 5, 38, 85, 78, 5, 33, 1, 39, 58, 60, 34, 58, 31, 45, 39, 74, 80, 41, 49, 64, 58, 89, 69, 38, 60, 33, 62, 72, 48, 67, 47, 78, 97, 5, 68, 19, 98, 69, 95, 44, 7, 35, 29, 67, 90, 72, 75, 64, 64, 3, 88, 46, 28, 71, 70, 9,
44, 85, 85, 62, 28, 48, 20, 3, 5, 5, 24, 9, 95, 91, 44, 46, 33, 70, 74, 44, 48, 17, 8, 28, 42, 14, 24, 94, 80, 3, 91, 25, 23, 29, 92, 80, 49, 9, 88, 13, 89, 24, 25, 89, 80, 96, 4, 28, 2, 18, 98, 13, 61, 39, 87, 64, 91, 7, 18, 21, 15, 48, 84, 44, 62, 65, 68, 8, 78, 49,
38, 55, 99, 80, 69, 36, 74, 53, 70, 82, 53, 53, 27, 73, 91, 12, 54, 89, 53, 6, 91, 67, 78, 53, 89, 38, 98, 69, 13, 50, 45, 34, 78, 63, 57, 77, 11, 66, 84, 28, 69, 40, 95, 2, 26, 67, 38, 7, 86, 67, 53, 5, 18, 79, 66, 91, 2, 32, 87, 96, 100, 57, 43, 45, 30, 15, 70, 60, 88,
44, 25, 63, 92, 2, 51, 24, 71, 43, 8, 54, 9, 76, 97, 41, 98, 19, 75, 19, 48, 38, 77, 14, 76, 16, 64, 54, 10, 64, 21, 58, 97, 4, 22, 27, 44, 77, 13, 41, 15, 90, 65, 80, 23, 17, 59, 17, 90, 87, 27, 49, 25, 45, 2, 17, 26, 40, 16, 9, 70, 58, 69, 8, 87, 9, 22, 3, 15,
82, 32, 68, 59, 79, 82, 76, 79, 38, 83, 35, 11, 8, 66, 66, 11, 11, 39, 81, 33, 67, 39, 31, 48, 47, 42, 74, 5, 70, 56, 39, 99, 23, 19, 21, 13, 27, 100, 51, 61, 35, 90, 41, 35, 76, 5, 62, 31, 68, 5, 76, 70, 90, 45, 23, 15, 64, 94, 97, 96, 24, 96, 49, 70, 95, 23, 62,
70, 100, 48, 31, 2, 71, 78, 43, 66, 9, 50, 68, 92, 16, 64, 97, 5, 16, 44, 99, 61, 17, 13, 69, 34, 91, 86, 62, 6, 60, 2, 82, 35, 11, 21, 8, 15, 86, 34, 78, 53, 10, 97, 44, 14, 30, 35, 9, 87, 27, 84, 12, 44, 44, 38, 7, 14, 9, 74, 12, 37, 32, 22, 98, 58, 49,
30, 9, 64, 71, 67, 37, 27, 69, 43, 70, 73, 62, 48, 24, 97, 43, 1, 33, 69, 9, 3, 71, 73, 57, 14, 8, 17, 45, 58, 66, 86, 17, 51, 31, 27, 82, 87, 48, 64, 13, 57, 28, 41, 45, 68, 36, 63, 31, 36, 81, 96, 91, 1, 72, 74, 32, 2, 87, 93, 16, 51, 89, 61, 30, 33,
49, 61, 6, 83, 47, 94, 35, 91, 4, 85, 7, 5, 72, 98, 59, 95, 30, 2, 75, 12, 54, 37, 79, 6, 12, 90, 38, 63, 54, 16, 83, 18, 44, 24, 15, 80, 72, 34, 11, 16, 49, 41, 6, 96, 75, 64, 92, 26, 53, 7, 56, 57, 30, 90, 94, 5, 5, 78, 45, 2, 78, 42, 67, 1,
54, 46, 94, 10, 85, 66, 35, 56, 95, 28, 5, 39, 21, 96, 28, 49, 100, 37, 34, 78, 22, 28, 17, 17, 1, 40, 18, 47, 81, 50, 2, 33, 63, 65, 70, 97, 41, 21, 46, 47, 45, 14, 22, 100, 3, 46, 66, 59, 67, 32, 64, 41, 45, 45, 74, 36, 27, 89, 77, 86, 84, 68, 42,
78, 4, 52, 52, 44, 30, 67, 27, 59, 76, 25, 44, 51, 68, 87, 14, 87, 74, 69, 48, 32, 11, 97, 8, 54, 45, 68, 56, 78, 58, 89, 49, 21, 48, 22, 71, 58, 91, 100, 49, 85, 33, 82, 80, 7, 77, 34, 44, 57, 58, 5, 91, 96, 46, 32, 99, 100, 64, 41, 61, 96, 72,
62, 34, 36, 99, 99, 12, 3, 11, 11, 3, 50, 25, 77, 78, 42, 52, 98, 22, 22, 35, 83, 9, 87, 56, 19, 91, 19, 75, 32, 13, 56, 92, 83, 95, 65, 53, 74, 72, 57, 98, 69, 11, 20, 38, 59, 93, 74, 5, 75, 27, 10, 84, 6, 78, 46, 46, 11, 79, 8, 36, 2,
1, 35, 80, 33, 95, 97, 29, 9, 44, 5, 88, 14, 27, 56, 38, 63, 87, 76, 94, 30, 87, 88, 30, 79, 72, 21, 45, 74, 21, 95, 62, 80, 33, 27, 51, 41, 90, 64, 98, 46, 57, 20, 5, 31, 64, 47, 79, 78, 29, 68, 90, 55, 1, 68, 77, 16, 100, 34, 46, 70,
10, 37, 20, 35, 22, 69, 41, 47, 29, 68, 71, 76, 76, 23, 8, 68, 3, 46, 98, 71, 93, 89, 39, 38, 39, 75, 8, 55, 53, 11, 94, 84, 51, 75, 45, 97, 61, 28, 91, 100, 17, 14, 87, 81, 12, 60, 85, 13, 58, 84, 66, 28, 20, 80, 3, 89, 26, 100, 41,
12, 22, 69, 50, 38, 31, 73, 20, 84, 7, 32, 79, 19, 96, 21, 99, 93, 35, 2, 23, 42, 30, 100, 90, 88, 11, 67, 61, 91, 83, 31, 7, 24, 79, 59, 87, 93, 1, 90, 72, 90, 45, 47, 97, 29, 18, 39, 13, 60, 28, 92, 44, 2, 73, 15, 52, 14, 11,
18, 82, 32, 99, 87, 79, 94, 38, 94, 65, 60, 30, 99, 59, 46, 34, 86, 7, 68, 47, 18, 75, 88, 37, 26, 30, 98, 95, 76, 78, 67, 51, 14, 69, 35, 29, 88, 30, 16, 86, 74, 97, 100, 19, 32, 47, 85, 85, 44, 60, 24, 29, 52, 33, 35, 89, 14,
61, 33, 69, 17, 44, 16, 61, 100, 74, 74, 6, 14, 33, 82, 53, 65, 11, 89, 26, 13, 7, 63, 54, 15, 40, 99, 51, 91, 54, 71, 71, 74, 77, 4, 80, 17, 40, 75, 62, 45, 86, 6, 29, 33, 48, 27, 28, 40, 27, 14, 80, 84, 47, 95, 15, 74,
99, 65, 94, 74, 65, 83, 66, 33, 96, 65, 38, 69, 97, 59, 34, 69, 35, 3, 3, 97, 17, 52, 64, 94, 86, 68, 46, 84, 65, 26, 94, 56, 25, 32, 59, 80, 56, 17, 84, 50, 30, 25, 1, 35, 51, 53, 2, 37, 50, 37, 5, 98, 32, 58, 28,
84, 83, 75, 67, 57, 23, 65, 99, 40, 13, 26, 66, 63, 31, 41, 45, 90, 62, 52, 45, 6, 43, 92, 4, 100, 77, 79, 37, 19, 57, 86, 9, 33, 54, 49, 45, 58, 77, 96, 86, 62, 99, 7, 1, 13, 92, 53, 29, 88, 59, 19, 37, 20, 76,
78, 83, 26, 75, 13, 96, 49, 10, 82, 26, 70, 80, 21, 44, 18, 17, 79, 3, 14, 69, 70, 36, 3, 14, 60, 61, 25, 98, 95, 2, 73, 24, 82, 73, 24, 53, 95, 19, 14, 46, 99, 70, 67, 69, 19, 28, 84, 93, 8, 62, 98, 19, 100,
52, 89, 35, 43, 32, 98, 13, 98, 49, 80, 32, 22, 30, 40, 90, 27, 71, 57, 45, 34, 37, 67, 23, 85, 27, 12, 42, 47, 5, 19, 68, 4, 54, 30, 30, 93, 28, 89, 61, 82, 88, 26, 58, 65, 58, 53, 46, 57, 51, 45, 81, 77,
48, 90, 9, 44, 24, 14, 87, 37, 98, 82, 44, 29, 94, 67, 67, 8, 13, 57, 94, 35, 99, 71, 36, 44, 54, 23, 63, 7, 71, 97, 61, 30, 99, 71, 81, 93, 44, 77, 14, 50, 75, 2, 75, 97, 46, 48, 94, 54, 4, 55, 21,
83, 83, 58, 29, 90, 81, 89, 61, 95, 85, 44, 17, 71, 80, 27, 4, 41, 80, 72, 38, 4, 3, 21, 11, 18, 57, 34, 92, 89, 53, 43, 73, 30, 96, 45, 42, 62, 40, 30, 56, 21, 44, 77, 13, 61, 42, 69, 6, 59, 44,
63, 40, 77, 72, 70, 34, 69, 59, 18, 20, 87, 86, 42, 14, 10, 97, 82, 55, 72, 66, 15, 51, 44, 59, 72, 72, 25, 8, 46, 77, 21, 86, 100, 87, 86, 63, 62, 63, 39, 89, 6, 29, 53, 25, 88, 67, 23, 55, 99,
94, 17, 41, 1, 32, 27, 19, 95, 50, 91, 9, 64, 58, 13, 42, 81, 89, 8, 63, 7, 63, 21, 22, 26, 40, 81, 40, 24, 49, 96, 90, 15, 30, 27, 30, 5, 60, 94, 71, 77, 91, 70, 36, 72, 56, 14, 75, 58,
47, 64, 42, 69, 36, 41, 43, 78, 6, 40, 35, 17, 20, 33, 11, 70, 67, 73, 6, 14, 56, 85, 27, 20, 16, 35, 85, 89, 61, 75, 40, 28, 91, 45, 86, 48, 59, 8, 43, 16, 44, 67, 45, 71, 67, 92, 12,
74, 5, 96, 80, 82, 7, 76, 8, 11, 23, 72, 29, 67, 54, 72, 36, 27, 64, 68, 21, 7, 78, 25, 5, 47, 25, 90, 57, 77, 59, 10, 56, 60, 64, 89, 37, 44, 51, 3, 42, 19, 27, 25, 95, 50, 38,
88, 21, 82, 94, 23, 82, 61, 98, 83, 79, 38, 63, 99, 69, 3, 4, 1, 5, 78, 38, 20, 43, 38, 46, 55, 96, 3, 14, 4, 1, 26, 86, 63, 78, 50, 41, 50, 42, 11, 91, 79, 51, 89, 12, 75,
37, 69, 92, 70, 73, 16, 25, 7, 5, 5, 1, 63, 93, 8, 12, 88, 85, 23, 82, 97, 99, 84, 15, 56, 7, 44, 4, 49, 94, 32, 76, 31, 70, 63, 78, 11, 58, 100, 70, 93, 36, 40, 82, 53,
56, 82, 64, 93, 74, 8, 61, 2, 90, 4, 58, 20, 90, 47, 60, 80, 32, 60, 47, 58, 12, 75, 64, 49, 80, 46, 59, 87, 22, 45, 95, 1, 69, 23, 23, 50, 66, 14, 24, 92, 43, 20, 40,
65, 60, 96, 47, 80, 64, 67, 78, 70, 59, 96, 34, 23, 86, 34, 7, 15, 11, 42, 82, 34, 75, 2, 38, 61, 1, 57, 57, 50, 10, 74, 5, 10, 74, 68, 56, 15, 26, 7, 86, 88, 47,
64, 5, 33, 65, 6, 47, 51, 77, 22, 27, 51, 26, 56, 62, 9, 90, 98, 24, 91, 65, 76, 36, 83, 28, 90, 39, 98, 62, 36, 41, 89, 63, 73, 37, 100, 20, 22, 44, 39, 61, 38,
16, 34, 77, 56, 57, 36, 35, 62, 67, 39, 10, 66, 5, 18, 57, 52, 48, 53, 89, 62, 72, 50, 95, 53, 6, 92, 29, 68, 63, 27, 89, 12, 2, 37, 58, 45, 25, 29, 90, 44,
91, 16, 22, 94, 79, 56, 77, 87, 53, 76, 33, 63, 45, 56, 93, 15, 65, 75, 54, 63, 41, 23, 39, 52, 20, 89, 14, 80, 13, 19, 57, 95, 67, 28, 11, 84, 60, 33, 64,
17, 96, 63, 80, 59, 23, 94, 77, 79, 62, 93, 39, 87, 100, 32, 1, 40, 18, 54, 41, 86, 44, 99, 56, 62, 65, 71, 72, 25, 4, 25, 32, 47, 16, 55, 45, 85, 66,
11, 99, 98, 83, 85, 17, 46, 79, 8, 73, 41, 17, 10, 36, 77, 53, 93, 88, 31, 62, 39, 86, 44, 16, 4, 23, 5, 81, 48, 25, 94, 87, 92, 18, 21, 36, 82,
59, 71, 23, 82, 20, 89, 72, 10, 78, 28, 16, 21, 89, 2, 23, 58, 14, 81, 73, 86, 56, 80, 93, 27, 73, 96, 51, 80, 77, 10, 86, 35, 28, 19, 71, 86,
73, 26, 4, 67, 42, 20, 96, 99, 64, 27, 35, 56, 98, 69, 63, 86, 8, 32, 1, 95, 58, 28, 65, 51, 94, 84, 29, 78, 55, 26, 69, 11, 98, 48, 99,
4, 20, 43, 34, 28, 33, 2, 80, 40, 6, 71, 69, 13, 1, 58, 93, 84, 19, 66, 83, 27, 46, 15, 8, 77, 83, 12, 8, 41, 64, 89, 77, 72, 49,
41, 52, 98, 24, 79, 96, 43, 56, 76, 35, 49, 96, 40, 49, 72, 50, 82, 23, 7, 92, 96, 44, 77, 51, 79, 92, 30, 55, 86, 55, 26, 89, 58,
87, 79, 34, 13, 45, 2, 46, 44, 66, 83, 45, 93, 67, 50, 39, 78, 28, 19, 8, 81, 70, 20, 12, 22, 13, 62, 74, 41, 96, 94, 49, 21,
100, 25, 86, 81, 28, 95, 36, 79, 56, 58, 87, 1, 97, 24, 1, 99, 74, 95, 64, 55, 38, 40, 40, 5, 57, 37, 51, 70, 81, 3, 15,
55, 61, 84, 14, 21, 65, 51, 23, 34, 26, 35, 87, 55, 74, 53, 69, 41, 39, 96, 30, 94, 2, 76, 23, 97, 24, 80, 96, 91, 32,
3, 28, 82, 47, 13, 31, 77, 36, 37, 70, 41, 6, 36, 77, 61, 27, 84, 97, 63, 57, 8, 86, 90, 9, 58, 72, 77, 41, 89,
81, 87, 62, 80, 35, 53, 34, 93, 91, 88, 3, 14, 31, 44, 44, 77, 48, 99, 65, 19, 59, 75, 68, 27, 96, 97, 66, 58,
48, 38, 53, 82, 15, 98, 37, 95, 8, 55, 9, 27, 14, 26, 34, 15, 27, 73, 31, 90, 52, 38, 36, 18, 29, 2, 28,
92, 7, 22, 73, 99, 29, 61, 68, 92, 48, 68, 66, 86, 57, 59, 83, 86, 89, 37, 9, 34, 99, 67, 4, 43, 6,
54, 69, 28, 85, 90, 23, 38, 36, 13, 62, 49, 68, 22, 92, 85, 72, 83, 91, 35, 59, 94, 90, 31, 76, 39,
10, 38, 16, 94, 3, 91, 79, 54, 11, 98, 86, 56, 23, 59, 48, 30, 69, 93, 57, 79, 24, 15, 20, 90,
38, 23, 18, 47, 57, 59, 62, 61, 40, 40, 93, 49, 85, 93, 17, 49, 35, 70, 13, 93, 30, 92, 44,
15, 86, 35, 52, 55, 45, 92, 90, 20, 56, 85, 14, 5, 82, 13, 74, 98, 78, 81, 9, 9, 46,
49, 25, 71, 40, 3, 18, 5, 7, 69, 19, 43, 55, 77, 12, 31, 17, 22, 32, 89, 54, 93,
82, 99, 64, 36, 22, 34, 35, 93, 80, 86, 30, 98, 64, 38, 21, 40, 70, 53, 77, 99,
47, 63, 74, 13, 42, 39, 82, 85, 31, 19, 28, 59, 40, 38, 21, 36, 80, 89, 11,
96, 18, 38, 91, 8, 44, 21, 25, 24, 86, 63, 99, 20, 1, 11, 94, 45, 57,
83, 64, 11, 11, 70, 42, 24, 1, 16, 25, 30, 68, 98, 92, 96, 74, 95,
20, 59, 31, 60, 39, 39, 67, 18, 63, 37, 90, 51, 8, 83, 19, 90,
23, 11, 12, 28, 98, 81, 63, 59, 15, 95, 17, 48, 68, 24, 71,
42, 50, 27, 14, 66, 84, 32, 82, 90, 38, 53, 31, 23, 98,
26, 73, 29, 98, 77, 56, 15, 25, 28, 67, 95, 98, 72,
37, 74, 10, 65, 88, 29, 4, 75, 64, 29, 88, 69,
47, 71, 2, 85, 35, 99, 21, 76, 96, 49, 54,
40, 42, 59, 28, 95, 79, 37, 87, 97, 34,
26, 19, 58, 35, 26, 64, 6, 95, 95,
37, 22, 79, 66, 69, 17, 24, 40,
5, 57, 49, 23, 76, 91, 95,
90, 85, 11, 36, 15, 20,
24, 32, 51, 70, 32,
35, 74, 36, 79,
84, 99, 97,
9, 29,
33